[app/ui]
version = 9.2.0.1
modtime = 1714733979.065886800

[app/launcher]
version = 9.2.0.1
modtime = 1714733979.101421000
